# convex n=35, basin-hopping search (symmetric orbit / vertical n+-1 seeding, soft-min L-BFGS + SLP polish, tie system refined in mpmath)
0.19682211704465467387115491911797	-0.44418167771360756847257787684935
-0.19809174455560637702840285302819	0.43970527313428243303144089763226
0.19445967575122707289665299212671	0.44517727862541397657490507784893
-0.19315398511856731954181211165453	-0.44961778432807159771459719554786
-0.25004369897748700094178039900618	0.11032315320825792987271820304590
0.25166017237740050911511319342221	-0.09222440658807566760929792706530
-0.25087465984980571856431354507116	-0.09922953564679295242701704197230
0.24910928111988093621129946257532	0.11728114063796211520184120541685
-0.44803329183888467194126042865473	0.39555082594373558373015750134426
0.47187367301089358706119703758003	-0.38977034332517745793171107119111
-0.46862068307916555642237938356014	-0.40288044817941645210618040299670
0.44473504868590532330638569734956	0.40799564975265610263599076383570
-0.44536349975040978090598258855674	-0.29499476120108119359987056963725
0.42713456457526372623336108568814	0.29938446997777020081472000070068
-0.42954333215750099264158978569233	0.28744273212495951597766109956892
0.44773361623921941726500102185943	-0.28254535439728182996080834517782
-0.11174964101945066488164968341214	-0.54009035493424893389171092006297
0.11298192201656447519590155770886	0.53744722858491745749502191094621
-0.11738067251457665826980671462698	0.53423606867817091638624567420427
0.11616969320436954736996817443696	-0.53691325307219746400736082616912
-0.51791187209344563546768420697007	0.18623090058022364035655091335163
0.53561245326319232444778879148019	-0.18250573931711949472024321348189
-0.53405341518929152727648293474376	-0.19741644197429719798972684480588
0.51632374854343242871940371806349	0.20064772014191386228871002738430
0.16073215396779444579951047636534	-0.24049783282714269833437842048553
-0.16452367240327933640422671757917	0.23869093221848289576797029921132
0.16254538637559747945148058549957	0.24325014049804617415014763214412
-0.15874000487134324196727569617138	-0.24495114344327799457923745078727
-0.39663748528996235103011302058013	-0.48235025236127598415094946839115
0.36704245418969807224510316449640	0.47343393168310289413834726850308
-0.37088670944189553057082387116966	0.46314750237327651032306354339604
0.40055100593965231674820613488765	-0.47123777237568418261921626788195
0.47011467866051443650451360324696	0.01530898318938294730670621572233
-0.47018681394559342187488989394342	0.00220156677285841940469053146020
0.00018884214902871816772001470766	-0.04604362929018975060299835273418
