0.3594365689071511 0.0681290890371092
0.5855689374640601 0.3402981101104958
0.0764219777155527 0.5710505762319726
0.0764483290694537 0.3551691313429109
0.5822982289728136 0.0640979702651769
0.3622313236502070 0.5631017856418845
0.2289963470740573 0.6379511724484225
0.1367253258853666 0.2226262583997044
0.6565480218776093 0.1208954334094191
0.6561611631025737 0.2107681153284253
0.1362014213355829 0.6409516365094879
0.2291255939307961 0.1304036083404192
0.2844591585390863 0.0098340267534991
0.7232474941781082 0.2631408730964961
0.0138939795507272 0.7094946580198749
0.0138939795507275 0.2797289216020252
0.7235085896961197 0.0000000000000000
0.2845671041134876 0.7018212631611167
0.1163151680117418 0.0000000000000000
0.9044084871062836 0.0955915128937163
0.0000000000000000 0.8864610731365426
0.0000000000000000 0.1158294409244829
0.1158651450571020 0.8841348549428980
0.4099810285399589 0.3923949745959575
0.2029761445766120 0.3969741682647593
0.4100872744369944 0.1911001992715997
0.0294443179469555 0.0304314538611145
0.9613865991451965 0.0098340267534991
0.0294008490204831 0.9417507400060591
