# Heilbronn convex n=31; autoheilbronn v7
0.051839326428500640000000000000	0.324256278416856840000000000000
-0.714202553296705600000000000000	-0.156507927719652050000000000000
0.456303238206885500000000000000	-0.108593865056592420000000000000
-0.251037454311781870000000000000	-0.616967536630158400000000000000
-0.660886931158158900000000000000	0.003789171054176465400000000000
0.223862231848200780000000000000	-0.209965364387946000000000000000
-0.222610453060450050000000000000	-0.484750731929084900000000000000
-0.184704905900817670000000000000	0.481437229395467700000000000000
-0.393108875070349640000000000000	0.206512965597428880000000000000
-0.479939965312245300000000000000	0.311087950699199260000000000000
0.298421228010779860000000000000	0.354096702016599650000000000000
0.385165038851484560000000000000	0.179826720554090850000000000000
-0.356288970361597230000000000000	0.451329881221537670000000000000
0.335683380885710650000000000000	-0.080397133939818610000000000000
-0.554895964375231900000000000000	-0.425937431333508500000000000000
0.460413862386094400000000000000	-0.302681384784922800000000000000
0.326910258934261340000000000000	-0.456612973183731900000000000000
0.131473840770598980000000000000	0.164611362317012730000000000000
0.108136776070155910000000000000	0.430375685729572500000000000000
0.090559913798592990000000000000	-0.634588214249612800000000000000
-0.226760977804443700000000000000	0.217285727012203420000000000000
-0.407609090510984000000000000000	-0.317601317061329900000000000000
-0.075880988773372420000000000000	-0.685547844000860200000000000000
-0.676913935270767700000000000000	-0.307689784234234000000000000000
-0.069825837770884400000000000000	-0.418987406149937100000000000000
0.291150602155018500000000000000	0.100155230848172860000000000000
0.071917182164316990000000000000	-0.498897284054522160000000000000
-0.138067921297186620000000000000	0.352460032530254500000000000000
-0.378329058483605040000000000000	-0.156019234911585120000000000000
-0.479594628766328970000000000000	-0.025745305983779350000000000000
0.227476511171782220000000000000	-0.387841864882903730000000000000
