# triangle n=27, basin-hopping search (symmetric orbit / vertical n+-1 seeding, soft-min L-BFGS + SLP polish, tie system refined in mpmath)
0.00000000000000000000000000000000	0.60128040808657062143122898639716
0.39871959191342937856877101360283	0.00000000000000000000000000000000
0.60128040808657062143122898639716	0.39871959191342937856877101360283
0.83992136388522334535557988571211	0.00000000000000000000000000000000
0.16007863611477665464442011428788	0.83992136388522334535557988571211
0.00000000000000000000000000000000	0.16007863611477665464442011428788
0.51001430259774732257293654596826	0.17382950106194557086531786885506
0.31615619634030710656174558517667	0.51001430259774732257293654596826
0.17382950106194557086531786885506	0.31615619634030710656174558517667
0.65818620667279880823401887562557	0.25313805938705214780726457955507
0.08867573394014904395871654481935	0.65818620667279880823401887562557
0.25313805938705214780726457955507	0.08867573394014904395871654481935
0.02180881674097367989676560607483	0.05880153922474532503670218585210
0.91938964403428099506653220807305	0.02180881674097367989676560607483
0.05880153922474532503670218585210	0.91938964403428099506653220807305
0.01622386024276358771011076523200	0.85847093318674794701103470130916
0.12530520657048846527885453345883	0.01622386024276358771011076523200
0.85847093318674794701103470130916	0.12530520657048846527885453345883
0.27756967840585398279245497950807	0.63947129910122781264724177776817
0.08295902249291820456030324272375	0.27756967840585398279245497950807
0.63947129910122781264724177776817	0.08295902249291820456030324272375
0.56726596435145804622950420674638	0.02834640923037253299834971580233
0.40438762641816942077214607745128	0.56726596435145804622950420674638
0.02834640923037253299834971580233	0.40438762641816942077214607745128
0.18225573310359029068564517660728	0.51575302612596516281311362186495
0.30199124077044454650124120152776	0.18225573310359029068564517660728
0.51575302612596516281311362186495	0.30199124077044454650124120152776
