# convex n=33, basin-hopping search (symmetric orbit / vertical n+-1 seeding, soft-min L-BFGS + SLP polish, tie system refined in mpmath)
0.37023669341952096128577947055077	0.47296605730775350152912716109491
-0.59473963262219262904183428933487	0.08421885660704904463353323568976
0.22450293920267168175605481878410	-0.55718491391480256298084221496649
-0.11789584701532941715597110425814	0.47474384368184722531112637129262
-0.35215934974900590356779528190693	-0.33942561751342680126968982459897
0.47005519676433533472376638616508	-0.13531822616842044085961836487547
-0.23760446691451250446464593337090	-0.47258275475129489345452815846560
0.52807703665514702999793353787384	0.03045800775633246623325519030530
-0.29047256974063451153328760450293	0.44212474699496241040309114997848
0.25149857088267365392174918302785	0.23817983117002104207757436787235
-0.33203661251401826259332236598915	0.09875097436498173242231106089869
0.08053804163134462267157318296129	-0.33693080553500279131806724695286
0.28509574074800302305469352599421	-0.40266019743502548507043537835468
0.20611783323319897393984799371108	0.44819811168515458751648397204730
-0.49121357398120198299454151970529	-0.04553791425012911926423041187443
-0.53973433300979408726577079534700	0.21660056944984788040146404736480
0.08235391265627952945610358723077	-0.57572294107009746798808417033916
0.45738042035351457180966720811622	0.35912237162024957076843830479254
-0.04702299871797773175256114661015	-0.47935260691026628663460505455184
0.43862797508942753501640269417557	0.19889862526666943098470003223653
-0.39160497637144978926384154756542	0.28045398164359683883172320413349
-0.57481556990551407692865157409785	-0.19232806069887459769111856920913
0.45402371420694739365688831853668	-0.40168620604965609763890775056710
0.12079185569856669727176325556117	0.59401426674853067851184450159442
-0.09818011088020922735283797010102	-0.20873189824594055404315591400269
0.22985914821102730169357878073617	0.01931243958816468710435577531778
-0.13167903733081806034074081063515	0.18941945865777585012061832050309
0.51783315803332509012654117186737	-0.28377008183863438164613592291818
-0.01323325160029934086760676008769	0.59033243111876152473614198229914
-0.50459990643302573525893441177967	-0.30656234928012715990818787756277
-0.31783371143440179612465899125643	-0.15366953671867365356733021046240
0.29202696191597171821870238675642	-0.19844756693481739277790022428441
0.02580674951843009190595660450001	0.35211710365349102952704861656499
