# Heilbronn triangle n=32; autoheilbronn v7
0.342027552207858470000000000000	0.000000000000000000000000000000
0.000000000000000000000000000000	0.670977095383867500000000000000
0.670138470129294800000000000000	0.329861529870705200000000000000
0.094398258705349260000000000000	0.552548678756281100000000000000
0.550616472761709800000000000000	0.353471753923063960000000000000
0.362673568838850800000000000000	0.096835327285488020000000000000
0.051662959849177060000000000000	0.049938020066145090000000000000
0.043641014545428640000000000000	0.907080767854664100000000000000
0.448782601594475030000000000000	0.266042832467937030000000000000
0.266816119532655500000000000000	0.283110117054131000000000000000
0.281972799012727370000000000000	0.450762938313039200000000000000
0.163481775432559400000000000000	0.819395932684210400000000000000
0.807115555101699400000000000000	0.018317847276647140000000000000
0.186253195953663350000000000000	0.103020212209649590000000000000
0.098983344185587740000000000000	0.719844764843846300000000000000
0.719877983286736400000000000000	0.178377191401680200000000000000
0.055196566509560060000000000000	0.276333241150395000000000000000
0.669391567197649300000000000000	0.056192753726840820000000000000
0.017447871123446360000000000000	0.876390327533951000000000000000
0.606520171338743500000000000000	0.000000000000000000000000000000
0.000000000000000000000000000000	0.393296490755051740000000000000
0.333139323539424200000000000000	0.332469304573401400000000000000
0.554418982573821700000000000000	0.417357191275790000000000000000
0.387177787288330740000000000000	0.612822212711669260000000000000
0.154173950489809420000000000000	0.391248577195277840000000000000
0.110445969464915510000000000000	0.023142595549764604000000000000
0.896699383011963800000000000000	0.050651184961191024000000000000
0.868686830120724600000000000000	0.106558136413840860000000000000
0.269487766263909800000000000000	0.674662000154705800000000000000
0.389092010128106000000000000000	0.455411702766769900000000000000
0.455211005780524540000000000000	0.151211329405650270000000000000
0.017447871123445043000000000000	0.183556092984612280000000000000
