# convex n=32, basin-hopping search (symmetric orbit / vertical n+-1 seeding, soft-min L-BFGS + SLP polish, tie system refined in mpmath)
-0.42253225956701554996280602323885	0.39128101188709710878965376051358
0.42253207171198267745272339045574	-0.39128117646759246980874909698719
0.42253170572276655452461277551838	0.39128087746590610947491589747509
-0.42253189357779942703469540830148	-0.39128104204640147049401123394870
0.11525805179236507940371933767425	0.23441431426301836237937405884956
-0.11525823964739795191380197045736	-0.23441447884351372339846939532317
-0.11525845890962136579622757860069	0.23441435093042483845807134204380
0.11525827105458849328614494581758	-0.23441451551092019947716667851741
0.55285580475787036786665437266680	-0.06773256216282552556001358175599
-0.55285599261290324037673700544991	0.06773239758233016454091824528238
-0.55285592925863017112924020842636	-0.06773238628136057935536424989959
0.55285574140359729861915757564325	0.06773222170086521833626891342598
0.38920194171572121559971923930908	0.17963074944786766430364821473750
-0.38920212957075408810980187209218	-0.17963091402836302532274355121111
-0.38920229759057980517127776345856	0.17963087326574326214479092658227
0.38920210973554693266119513067546	-0.17963103784623862316388626305588
-0.08001277183201402072162641502621	0.57272234267539239742010556549061
0.08001258397698114821154378224310	-0.57272250725588775843920090196422
0.08001204827447511036228859408301	0.57272231722083772262802345817864
-0.08001223612950798287237122686611	-0.57272248180133308364711879465225
-0.23795752960699574258853335073233	0.09258237861689711675555082366090
0.23795734175196287007845071794922	-0.09258254319739247777464616013451
0.23795725515392691685751272973000	0.09258230291489725712520565094004
-0.23795744300895978936759536251311	-0.09258246749539261814430098741365
0.34864809976529137181847873917867	-0.48396237310434762322896348096662
-0.34864828762032424432856137196178	0.48396220852385226220986814449301
-0.34864783494067216889061739972883	-0.48396226218806924421362956858159
0.34864764708563929638053476694573	0.48396209760757388319453423210798
-0.14987839356586787312302568375038	-0.44450868097943614789410085681944
0.14987820571083500061294305096727	0.44450851639894078687500552034583
0.14987862148709581427973709177772	-0.44450872866067286942644744788279
-0.14987880934212868678981972456083	0.44450856408017750840735211140918
