# Heilbronn square n=31; autoheilbronn v6
0.350014124466245900000000000000	0.894927205237189800000000000000
0.733380435504594800000000000000	0.872899382913123500000000000000
0.318484832126466330000000000000	0.118486176851756140000000000000
0.690320339380972500000000000000	0.113022106347674530000000000000
0.902687716415120900000000000000	0.316957828667019500000000000000
0.129101187535548500000000000000	0.692816441697782200000000000000
0.120914856519828200000000000000	0.324821150647697450000000000000
0.899811357832866000000000000000	0.661963665991624700000000000000
0.285607269340300500000000000000	0.631177902842949200000000000000
0.774036145512278300000000000000	0.630334922108940900000000000000
0.274387484339971000000000000000	0.376947116281369950000000000000
0.757710826195980800000000000000	0.363523379463383370000000000000
0.401633027854698950000000000000	0.743585569318150800000000000000
0.379268354707963200000000000000	0.265221002691939200000000000000
0.670421253930860000000000000000	0.731565868976865200000000000000
1.000000000000000000000000000000	0.191218454317668870000000000000
0.016018716144426747000000000000	0.208030151443462650000000000000
1.000000000000000000000000000000	0.775740110166307700000000000000
0.024066026815464003000000000000	0.827810735796274700000000000000
0.223737715807748000000000000000	1.000000000000000000000000000000
0.811430214709579400000000000000	0.009386771829519885000000000000
0.858871979663770000000000000000	0.965525338295460400000000000000
0.200366535758454480000000000000	0.027223835868770480000000000000
0.508381451719321400000000000000	0.000000000000000000000000000000
0.546914651250366900000000000000	1.000000000000000000000000000000
0.000000000000000000000000000000	0.524269702769455800000000000000
0.951769546029730400000000000000	0.919544601870102200000000000000
0.082502856787877010000000000000	0.961121422731649400000000000000
0.937109020102549500000000000000	0.061727070958020560000000000000
0.066404114920480780000000000000	0.075235752536627970000000000000
0.648393364824312000000000000000	0.265243439962038900000000000000
