0.05533624740859117 0.83913792585853952
0.42789579025072633 0.57210420974927367
0.00000000000000000 0.58375867814531357
0.17091537280807276 0.51397203807308534
0.32742278829003130 0.51253138729917269
0.59394345546094574 0.40605654453905426
0.00000000000000000 0.41624132185468538
0.52774259819306335 0.30614125251908453
0.17091537280807273 0.31511258911884127
0.08023084884266481 0.27370401154192747
0.32742278829003130 0.16004582441079562
0.52774259819306346 0.16611614928785223
0.28557004719848311 0.08066140384414826
0.42789579025072638 0.00000000000000000
0.59394345546094596 0.00000000000000000
0.88834794080126867 0.05582602959936590
0.65881917892351849 0.08066140384414824
0.10671248078323539 0.83746148961739786
0.65881917892351816 0.26051941723233363
0.10671248078323535 0.05582602959936590
0.08023084884266482 0.64606513961540690
0.05533624740859116 0.10552582673286834
0.28557004719848306 0.63376854895736812
