# triangle n=34, basin-hopping search (symmetric orbit / vertical n+-1 seeding, soft-min L-BFGS + SLP polish, tie system refined in mpmath)
0.17198823313767855201466297093652	0.00000000000000000000000000000000
0.82801176686232144798533702906347	0.17198823313767855201466297093652
0.00000000000000000000000000000000	0.82801176686232144798533702906347
0.82801176686232144798533702906347	0.00000000000000000000000000000000
0.17198823313767855201466297093652	0.82801176686232144798533702906347
0.00000000000000000000000000000000	0.17198823313767855201466297093652
0.33285745935163155409132624767504	0.33285745935163155409132624767504
0.25603880067436516960371972495936	0.25603880067436516960371972495936
0.48792239865126966079256055008126	0.25603880067436516960371972495936
0.25603880067436516960371972495936	0.48792239865126966079256055008126
0.10166508291766135016937287301688	0.36473771976438067180889557351052
0.53127388151791554246431707738956	0.10105598437328219351703326501351
0.36467405763609792946535230772651	0.53340326674197731881432164677637
0.53340326674197731881432164677637	0.36467405763609792946535230772651
0.10140092331358356902740999627244	0.53100639119448772452589980524841
0.36473771976438067180889557351052	0.10166508291766135016937287301688
0.00686286373048076490700267376030	0.92369405012971448404480262404552
0.06944308613980475104819470219417	0.00686286373048076490700267376030
0.92369405012971448404480262404552	0.06944308613980475104819470219417
0.06944308613980475104819470219417	0.92369405012971448404480262404552
0.00686286373048076490700267376030	0.06944308613980475104819470219417
0.92369405012971448404480262404552	0.00686286373048076490700267376030
0.57412024197065367742698860295187	0.28011471479481795085123417833270
0.14576504323452837172177721871542	0.57412024197065367742698860295187
0.28011471479481795085123417833270	0.14576504323452837172177721871542
0.14576504323452837172177721871542	0.28011471479481795085123417833270
0.57412024197065367742698860295187	0.14576504323452837172177721871542
0.28011471479481795085123417833270	0.57412024197065367742698860295187
0.34702709009733188409214960755265	0.61777970667928544704756517244794
0.03519320322338266886028521999940	0.34702709009733188409214960755265
0.61777970667928544704756517244794	0.03519320322338266886028521999940
0.03519320322338266886028521999940	0.61777970667928544704756517244794
0.34702709009733188409214960755265	0.03519320322338266886028521999940
0.61777970667928544704756517244794	0.34702709009733188409214960755265
