# Heilbronn square n=36; autoheilbronn v7
0.722842034963824900000000000000	0.213770260829438060000000000000
1.000000000000000000000000000000	0.370989265795192100000000000000
0.368673667644412560000000000000	0.111881752615121550000000000000
1.000000000000000000000000000000	0.905607773640053700000000000000
0.746461428961054700000000000000	0.690264189443083400000000000000
0.345193598047774700000000000000	0.968443167409890100000000000000
0.337388489522386150000000000000	0.700493581059094400000000000000
0.652384755893297900000000000000	0.483541281550580700000000000000
0.959021109157756500000000000000	0.951717523440903200000000000000
0.684183340448240500000000000000	1.000000000000000000000000000000
0.000000000000000000000000000000	0.344181939950428600000000000000
0.838177255932781800000000000000	0.383836841434948100000000000000
0.250750756794925640000000000000	0.020039176348411094000000000000
0.293099529672778300000000000000	0.255739635454668160000000000000
0.858145249330739400000000000000	0.000000000000000000000000000000
0.955274963392824400000000000000	0.709516180424882300000000000000
0.861315490226588500000000000000	0.589718274896653100000000000000
0.910268108886663200000000000000	0.040864957431822260000000000000
0.025719609442097537000000000000	0.043729316225322876000000000000
0.062170779882447694000000000000	0.230331579415660800000000000000
0.677906955835852600000000000000	0.019769166093437060000000000000
0.656756348824265000000000000000	0.851803512115418200000000000000
0.535754366951017500000000000000	0.630045268958963200000000000000
0.182728736019079930000000000000	0.598082270142606800000000000000
0.579301854236588400000000000000	0.102053824891651310000000000000
0.910329610771181100000000000000	0.244001570953756100000000000000
0.787372254592720100000000000000	0.939975626295400700000000000000
0.159689749256911650000000000000	0.364497884222405750000000000000
0.062170779882462286000000000000	0.000000000000000000000000000000
0.000000000000000000000000000000	0.670619854102577200000000000000
0.499443803710979400000000000000	0.334310889357757500000000000000
0.101413866617665810000000000000	0.731713960565656500000000000000
0.454367652114009870000000000000	0.856009446547663300000000000000
0.381389043712333900000000000000	0.473273250473469600000000000000
0.149957130035313160000000000000	1.000000000000000000000000000000
0.025719609442097537000000000000	0.963470357600841800000000000000
