# convex n=27, basin-hopping search (symmetric orbit / vertical n+-1 seeding, soft-min L-BFGS + SLP polish, tie system refined in mpmath)
-0.35587804881284766060296980404842	0.34078933865081910270692364420822
-0.10997438859649116943870690378909	-0.51858976534736390276800442374653
0.48820731236985148797421605503058	0.15557639588521354485383895755166
-0.05073127952439255093199864540992	-0.25055503930204483516718181045003
0.21438309499945415012182093417390	0.11092632574281328223411454220624
-0.18324380633339053501811793728799	0.16446295576727242816411802025630
0.64476693161398674813092820167268	-0.01988755220403921209517304055043
-0.26230299069538492096921200917613	0.62076624475404610442936214297680
-0.39474793473637102420827539742889	-0.55326791343611510158220813780972
0.00735452573943102171585996316580	-0.56606875524968497318096841758319
0.44588416646387275304063550257956	0.30611690398725564293954438941785
-0.44860572059239420459658979212949	0.25900775890921033558340019186571
-0.27472531804761365821313879359721	-0.66835177682046097124407192556505
0.67050235525351562819355509102320	0.09289928087245955267213569278058
-0.39224156973100963829543011876611	0.54687055145727663335037141005952
-0.46859737766636236125463393295588	-0.19088222194914808043200735909225
0.42459727725633369792602139334508	-0.35754897263411982034797146508365
0.05944628050483651720079809978974	0.53300274228338986982196030722493
-0.32917868801703322814088844126713	-0.25443946374498900322720826417025
0.38033381128957478111668662741430	-0.17109829163798188442976505454706
-0.05222364058235529167243799027360	0.42993948638137047558763017174298
0.18174154441814712057810347616522	-0.11482212497900350248550802783727
-0.00466742968829412003239756148524	0.23032940735645347747132485681745
-0.19381800692492752613660247418307	-0.10825584744796636710717957443764
0.25634867527903668172106292725376	-0.37803735722665550282651849839537
0.15564363262388310908828901358842	0.41067400996277866548251706048471
-0.40827340786305588629657748340406	-0.04955632003078615540347538832454
