# Heilbronn square n=26; autoheilbronn v7
0.678409542391221500000000000000	0.898155934775849700000000000000
0.871394470742699700000000000000	0.445509710874318840000000000000
0.128605560634742300000000000000	0.445510136127785950000000000000
0.662618059367430500000000000000	0.280977295153339860000000000000
0.365510666974269150000000000000	0.145886136638342270000000000000
0.057077766930448165000000000000	1.000000000000000000000000000000
0.942922255736344100000000000000	1.000000000000000000000000000000
0.500000012972285600000000000000	0.041319211868350206000000000000
0.057985070813912260000000000000	0.599101690744265800000000000000
0.213536575882765920000000000000	0.000000000000000000000000000000
0.384053003558922300000000000000	0.683511762398787300000000000000
1.000000000000000000000000000000	0.223561030131418900000000000000
0.942014953440166000000000000000	0.599101238238146100000000000000
0.872927439284626700000000000000	0.749679679261781100000000000000
0.634489543242925200000000000000	0.145886161541125050000000000000
0.000000000000000000000000000000	0.223561048243856140000000000000
1.000000000000000000000000000000	0.940829882915075400000000000000
0.127071748974464770000000000000	0.749679271455795500000000000000
0.021229166482351392000000000000	0.057221422669402560000000000000
0.000000000000000000000000000000	0.940830376078296900000000000000
0.615945415293487200000000000000	0.683511974259304300000000000000
0.499998157104163500000000000000	0.956057159470828500000000000000
0.786463582485945000000000000000	0.000000000000000000000000000000
0.337381692631500600000000000000	0.280977806408996100000000000000
0.321588248683521500000000000000	0.898156110746975500000000000000
0.978770819457464400000000000000	0.057221424250280390000000000000
