# triangle n=25, basin-hopping search (symmetric orbit / vertical n+-1 seeding, soft-min L-BFGS + SLP polish, tie system refined in mpmath)
0.00000000000000000000000000000000	0.91282401310472094442715001849928
0.08717598689527905557284998150071	0.00000000000000000000000000000000
0.91282401310472094442715001849928	0.08717598689527905557284998150071
0.15131719988323696381307993144875	0.84868280011676303618692006855124
0.00000000000000000000000000000000	0.15131719988323696381307993144875
0.84868280011676303618692006855124	0.00000000000000000000000000000000
0.33314077274307788370400264894413	0.33330838741164160265274317318871
0.35834547416893525286848509887017	0.18746445734545755712032501013545
0.45419006848560719001118989099437	0.35834547416893525286848509887017
0.18746445734545755712032501013545	0.45419006848560719001118989099437
0.24266293754100081288364737441492	0.07741394942749286855270695563297
0.67992311303150631856364566995210	0.24266293754100081288364737441492
0.07741394942749286855270695563297	0.67992311303150631856364566995210
0.36530395752908696306498698665666	0.53825276427223571929701212921850
0.09644327819867731763800088412482	0.36530395752908696306498698665666
0.53825276427223571929701212921850	0.09644327819867731763800088412482
0.02507389814519425708386838963926	0.45004328467918341320436972848579
0.52488281717562232971176188187494	0.02507389814519425708386838963926
0.45004328467918341320436972848579	0.52488281717562232971176188187494
0.18888956907044396630259597119444	0.66426906669689228349602982187050
0.14684136423266375020137420693504	0.18888956907044396630259597119444
0.66426906669689228349602982187050	0.14684136423266375020137420693504
0.01603121635466504388060503681884	0.01703280033056183512390802745205
0.96693598331477312099548693572910	0.01603121635466504388060503681884
0.01703280033056183512390802745205	0.96693598331477312099548693572910
