0.00000000000000000 0.21241587286178962
0.11158978538183909 0.58493378602200374
0.84722593673872071 0.00623756218309415
1.00000000000000000 0.33323673147277366
0.36401312206242181 0.00000000000000000
0.55666381917338903 0.97606563127868062
0.26666942039932251 0.09352303806730017
0.13279157256419472 0.08373334167938858
0.03981764737225027 0.97900008186146259
0.86440094720948513 1.00000000000000000
0.34540601304765606 0.72891289917611779
0.00000000000000000 0.69204911057755414
0.67347796086893308 0.86495323025678805
0.72588706095810074 0.21180599974995998
0.41627426029521347 0.87816964804411868
0.03000582796976255 0.46919697613850980
0.91303249618851057 0.22727084642298134
0.66555247742249901 0.66798295749719072
1.00000000000000000 0.69170144899100194
0.96836545826014475 0.03263991545429321
0.51182373219792765 0.02674663754650870
0.94341163104568915 0.91741638213114762
0.23768000110964888 0.33767233619661524
0.12698437491806555 0.82716951914098968
0.73240960009245282 0.35044017138659989
0.20548401551894951 1.00000000000000000
0.49208485167533395 0.32131659786667199
0.94201658461575088 0.51244592486955109
0.36922498189168490 0.53531893213132431
