# Heilbronn triangle n=31; autoheilbronn v7
0.191789211336665460000000000000	0.790175362918936100000000000000
0.837251047117532700000000000000	0.017591285061787296000000000000
0.034835878813266410000000000000	0.135821078968321960000000000000
0.412760856490370100000000000000	0.587239143509629900000000000000
0.080872521126932000000000000000	0.242926336477620520000000000000
0.318957758766017950000000000000	0.628777534480081900000000000000
0.353746642024884000000000000000	0.461902140150139030000000000000
0.521891484698412500000000000000	0.161555565508867930000000000000
0.210471556917314500000000000000	0.283846435187539900000000000000
0.671857099051493900000000000000	0.223759895639447150000000000000
0.269621129248071600000000000000	0.092212539753546010000000000000
0.139144912024961400000000000000	0.604420888659826600000000000000
0.527652658054953600000000000000	0.260633740141850870000000000000
0.311229912420345800000000000000	0.184987094583493500000000000000
0.627509891036078500000000000000	0.346326035817769550000000000000
0.398627510319545600000000000000	0.024596972588365244000000000000
0.129634251776867160000000000000	0.075616622299890010000000000000
0.081687942995070510000000000000	0.017591285061787290000000000000
0.927403241687521400000000000000	0.052986222424386525000000000000
0.637522994759919000000000000000	0.000000000000000000000000000000
0.031552022221777400000000000000	0.558501747963800000000000000000
0.244842957894861850000000000000	0.460173247302852100000000000000
0.122530079653636370000000000000	0.772189949132027800000000000000
0.055045380716066110000000000000	0.888630135806093600000000000000
0.000000000000000000000000000000	0.652028014021587500000000000000
0.678033972333742900000000000000	0.049608292294355170000000000000
0.000000000000000000000000000000	0.340441004694940700000000000000
0.706252071453079900000000000000	0.293747928546920100000000000000
0.336621781715995000000000000000	0.000000000000000000000000000000
0.822938826010576400000000000000	0.094008145249401180000000000000
0.016987996468569660000000000000	0.821209058866396300000000000000
