# triangle n=36, basin-hopping search (symmetric orbit / vertical n+-1 seeding, soft-min L-BFGS + SLP polish, tie system refined in mpmath)
0.54666358782328329376632139117384	0.12817949770010010343897350379493
0.18322149775653247548806405307727	0.36257296415161353164602570486350
0.40307792640979228575124718819195	0.47610978859003920931521822027537
0.18154699270339633155882699128791	0.48640498738656580948534344626690
0.41237861749987464050519824413362	0.13126145755760477209140223837667
0.53953131645257966233848212289015	0.33956515430695329465074183110006
0.65887142463445738429550180501014	0.31472527885116722096303911283748
0.40047342610242962844855833157640	0.03545166990468083530001729764829
0.04319825055524581656153057124862	0.63427507841850105768284276291570
0.38784510986190026761937089367617	0.58027868009819499639726154795812
0.04565008872415550750520931973864	0.35286632823407323712366040003771
0.67071193532854762904698765111988	0.02808764313922917087973359570803
0.00000000000000000000000000000000	0.20171759889845276795240586474037
0.26423840633480079866917164760893	0.73576159366519920133082835239106
0.80428791886746574462705261421501	0.00000000000000000000000000000000
0.27700374173449815488759472975883	0.00000000000000000000000000000000
0.79901968901947977833508094447022	0.20098031098052022166491905552977
0.00000000000000000000000000000000	0.79671719886102093911275520359244
0.02752753627251886896333335127299	0.88158604846689522275313173260700
0.90365372386024020534198511418077	0.08891966831114463103232771102237
0.03235567071377493698737004569003	0.10929525406016582328286393396146
0.92023788160698155699204610367249	0.00721339613398937728443805584607
0.23784876737556272383412431639065	0.08995304037157603565041538287005
0.12774932148228487885502681123967	0.70903600806054111262557926633625
0.75192881779415816879957352659084	0.16716975325910942118239661096504
0.13565763365698877397153063157193	0.19042638564620425619856483849270
0.75428320135553286817296492605705	0.08206936277015008504164820378028
0.28976543776579369377927154688616	0.23430699339342073774358754114991
0.28489671070402021837977230366714	0.50074728561005146628170522488354
0.56269674679414352544676675216772	0.22550036280744743889196803064673
0.37697037357821823401661359703954	0.31790754350189044272892254874609
0.22924835286665416954306176558931	0.69187079350642921414572939246414
0.14804343632083067394391612942725	0.02825577303099281564814764574978
0.14154467189598879732126768056442	0.83563922962049883755093681951915
0.00738461387604350630751199254087	0.00721339613398937728443805584607
0.00738461387604350630751199254087	0.52227209909254473176649051012549
