# triangle n=35, basin-hopping search (symmetric orbit / vertical n+-1 seeding, soft-min L-BFGS + SLP polish, tie system refined in mpmath)
0.52738690961920504061323205877771	0.13987444006391422806974934448982
0.15738364269276857280212367575111	0.39254527434784343069330352294654
0.36247607947877838547476662346691	0.51749887395179738599610941267572
0.15109385239373313264704557876980	0.51840127642477384039820673751070
0.39238280073695036844980294231192	0.14130556559575919168730874898018
0.50066968076204243078167219960087	0.37609509925609829074438731861620
0.62787266540624430127464611691570	0.34665630279133257807917725848179
0.38177560695761972894595336828431	0.03818702717302553377675238213756
0.03563314995338175029516504801987	0.66179087875621839719750265164225
0.34039344651749027520479269179391	0.63121668660075058238949266025598
0.03924612500556133461981735539083	0.38023688458922880520083379625739
0.65525047041345674928577376464427	0.03053209197402983975184159408344
0.00000000000000000000000000000000	0.24974945358920791359980028236724
0.21724752717907614963111978172912	0.78275247282092385036888021827087
0.78931953600560550607070854911372	0.00000000000000000000000000000000
0.26103935839389396735644224526160	0.00000000000000000000000000000000
0.77840078400134824152721394361385	0.22159921599865175847278605638614
0.00000000000000000000000000000000	0.81171700020733359669048808820582
0.00747101890851801631116862667798	0.91113161282199733557739153845349
0.89504597742011616050420674712832	0.09680008597957489766447386312439
0.02775721760266988549813010611457	0.11349759496215722977124326463235
0.91362848489522911757899058085633	0.00794743082304971979252141653784
0.22231942525498653521226002480024	0.09505518307973622903197085852952
0.09416040827594931527597589671149	0.74865989140739197992914724363383
0.73180068168381808466359344211416	0.18366849951889031997537400307009
0.11720206065638361667642155846357	0.20076566484885647050684542526546
0.73601559239761971448168262511467	0.08844815508391181393247202677657
0.26646264636687980966943654509585	0.25806203813613317550642849639268
0.24892113001094359142189613542507	0.54104097487013790240505152679900
0.53469477048801239350755048606830	0.24715831822102137461384829648018
0.34646815562167304080314578658150	0.35189176512546008939634616808773
0.18797084471651943308793011201734	0.74013566866374972131807405727898
0.13753032099969626963470200245491	0.02967147916008908429731203738689
0.09944730681991986147274419639452	0.88432088118482103675871397836927
0.00747101890851801631116862667798	0.00794743082304971979252141653784
