0.247326052713176 0.000000000000000
0.702500586060952 0.718701044094748
0.054260882610544 0.096398429998160
0.099716380436438 1.000000000000000
0.811011328926192 1.000000000000000
1.000000000000000 0.297711220812091
0.494475608776827 0.897030956001883
0.734550637708523 0.354378617991127
0.000000000000000 0.302308268721974
0.639108649654037 0.000000000000000
0.000000000000000 0.938555828365232
0.942888833494965 0.088118651554753
0.121992930397655 0.615202017386934
0.364427016165909 0.573246976790536
1.000000000000000 0.951039958295406
0.361401837393109 0.263620756290299
0.942888833494965 0.692612593067994
