# Heilbronn square n=35; autoheilbronn v7
0.662061868446625400000000000000	0.462026205610787940000000000000
0.887855023003084300000000000000	0.574439229154773200000000000000
0.042717903631940835000000000000	0.700648841972912100000000000000
0.510865163675464100000000000000	0.602923887221094100000000000000
0.073830987609930320000000000000	0.230554302372171370000000000000
0.368928605516219640000000000000	0.461279310834604200000000000000
0.239236227685047240000000000000	0.931125383545602100000000000000
0.739968165556850500000000000000	0.677308345761927800000000000000
0.976827651646945100000000000000	0.698557066271878900000000000000
0.948632358043010700000000000000	0.949916472440284400000000000000
0.979740681035114400000000000000	0.225846820974712370000000000000
0.307174638823820200000000000000	0.019720116547302650000000000000
0.525134735628859800000000000000	0.316872937741792600000000000000
0.616425982735221600000000000000	0.836233176461156000000000000000
0.126428283410253800000000000000	0.000000000000000000000000000000
0.156715158536585690000000000000	0.363020306644063900000000000000
0.789496056167904000000000000000	0.200554474814419630000000000000
0.952940470644810700000000000000	0.000000000000000000000000000000
0.364042013507761500000000000000	1.000000000000000000000000000000
1.000000000000000000000000000000	0.045236168365831914000000000000
0.623598700615482700000000000000	1.000000000000000000000000000000
1.000000000000000000000000000000	0.908711077816137000000000000000
0.000000000000000000000000000000	0.351608459487734950000000000000
0.423561896221746400000000000000	0.104331010122104870000000000000
0.000000000000000000000000000000	0.911803414185263100000000000000
0.278898445712509930000000000000	0.679762174242001000000000000000
0.639711804584004500000000000000	0.106075026044455040000000000000
0.886028838970127500000000000000	0.358375910688682100000000000000
0.311140240550879900000000000000	0.247233047631365860000000000000
0.766130521608219800000000000000	0.019720116547302740000000000000
0.047732168666552686000000000000	0.953490006118093400000000000000
0.384977018248783500000000000000	0.837026374908784100000000000000
0.141936835690698320000000000000	0.579549128342927500000000000000
0.754088673742247100000000000000	0.929779004806402600000000000000
0.066952655722899750000000000000	0.043584819017978970000000000000
