# Heilbronn square n=34; autoheilbronn v7
0.672756296117616600000000000000	0.471321683112616900000000000000
0.887722621993539500000000000000	0.572658090670402400000000000000
0.030482072596897582000000000000	0.749745214780486700000000000000
0.527332336554457700000000000000	0.625083445878842900000000000000
0.059185746086706130000000000000	0.239759057080718000000000000000
0.380560560339576900000000000000	0.477269880372165060000000000000
0.275383284407694330000000000000	0.958689945959282000000000000000
0.748822320933249000000000000000	0.680083530427396900000000000000
0.978885844865298100000000000000	0.691756646818012400000000000000
0.951599773220090600000000000000	0.935005587369501600000000000000
0.978885844865298100000000000000	0.233197955182403380000000000000
0.295347459215108900000000000000	0.022801759255897048000000000000
0.531816846521151200000000000000	0.331886235577471040000000000000
0.627563923745322900000000000000	0.843569972302312500000000000000
0.092608394477168200000000000000	0.000000000000000000000000000000
0.151045476000400080000000000000	0.377159804906903300000000000000
0.788505264796276300000000000000	0.209637686724172270000000000000
0.953521476568828400000000000000	0.000000000000000000000000000000
0.637913360728576700000000000000	1.000000000000000000000000000000
1.000000000000000000000000000000	0.885878485188488700000000000000
0.000000000000000000000000000000	0.368456427123606930000000000000
0.423595519055587340000000000000	0.113622374029944430000000000000
0.000000000000000000000000000000	0.954017177772918700000000000000
0.302993777545420800000000000000	0.709839746873606600000000000000
0.640886457487330300000000000000	0.109420371354095400000000000000
0.892466267645599900000000000000	0.355780719660597900000000000000
0.314296640727886000000000000000	0.257301683014033060000000000000
0.763992949877749500000000000000	0.022366524280293884000000000000
0.404411096801637450000000000000	0.861536420937676900000000000000
0.142539826096021030000000000000	0.607237191316561100000000000000
0.758727706286327500000000000000	0.927442878913027300000000000000
0.042250124019895405000000000000	0.048939961590518805000000000000
1.000000000000000000000000000000	0.045600081853701670000000000000
0.075540637595842970000000000000	0.995733942896355600000000000000
